0.162239
0.162322
0.159556
0.162448
0.164477
0.16328
0.16133
0.162399
0.161367
0.171009
0.173794
0.161682
0.162019
0.162507
0.160119
0.162859
0.164418
0.159262
0.162331
0.164568
0.166982
0.162948
0.162557
0.167235
0.164179
0.166085
0.172227
0.1672
0.165233
0.160535
0.161133
0.163595
0.162422
0.163774
0.164446
0.163056
0.16931
0.161031
0.160651
0.162502
0.162056
0.166262
0.166396
0.16602
0.166456
0.166199
0.163519
0.163663
0.16514
0.159947
0.161533
0.160256
0.163272
0.161156
0.163113
0.160785
0.162995
0.162221
0.16472
0.162797
0.16219
0.166549
0.16241
0.163628
0.1636
0.157057
0.1582
0.159944
0.162631
0.162442
0.161919
0.164177
0.163654
0.160511
0.160282
0.160619
0.161773
0.163847
0.161585
0.158475
0.16197
0.165776
0.1611
0.162943
0.16392
0.160537
0.161453
0.163596
0.163398
0.159233
0.160357
0.162228
0.165607
0.159381
0.160147
0.1658
0.160037
0.157737
0.161081
0.159994
0.16402
0.160349
0.160797
0.160233
0.162868
0.164585
0.161694
0.165587
0.159439
0.162949
0.160925
0.160723
0.162379
0.163268
0.163681
0.1641
0.160708
0.159994
0.158751
0.162406
0.159999
0.161719
0.160852
0.16356
0.15986
0.159719
0.158873
0.159734
0.159493
0.161694
0.161529
0.160064
0.164645
0.159398
0.160949
0.160033
0.160931
0.158654
0.158706
0.159979
0.161419
0.159624
0.162738
0.160882
0.159268
0.15999
0.159241
0.160042
0.160485
0.161192
0.163026
0.163365
0.163637
0.160833
0.158825
0.16116
0.15831
0.163205
0.160031
0.163158
0.161732
0.16313
0.166288
0.159852
0.160925
0.159423
0.158241
0.159154
0.15821
0.159628
0.160561
0.160445
0.163003
0.159274
0.161719
0.161082
0.158479
0.16024
0.161168
0.159567
0.159369
0.161659
0.167971
0.162462
0.163774
0.158174
0.16049
0.159519
0.159975
0.159427
0.159446
0.161906
0.159276
0.163034
0.161856
0.158134
0.160299
0.162498
0.161719
0.160356
0.163373
0.160813
0.158987
0.160273
0.16075
0.161304
0.161588
0.160663
0.161356
0.159904
0.163319
0.162361
0.161811
0.160498
0.159797
0.158986
0.161241
0.162462
0.159814
0.163204
0.158335
0.16271
0.160744
0.161616
0.164361
0.161439
0.159782
0.163405
0.158357
0.161936
0.164463
0.158577
0.160213
0.160974
0.162076
0.163621
0.16023
0.161873
0.161378
0.159269
0.162914
0.159419
0.160248
0.158795
0.163943
0.160346
0.161104
0.161584
0.16577
0.161067
0.170657
0.166958
0.170239
0.164487
0.163745
0.163907
0.166972
0.164377
0.163955
0.164984
0.167162
0.170507
0.162785
0.166246
0.16595
0.1623
0.166809
0.166045
0.16445
0.164776
0.162792
0.16471
0.164416
0.162246
0.164153
0.162718
0.162852
0.163921
0.161639
0.16394
0.161657
0.162939
0.166787
0.170708
0.162738
0.162706
0.163399
0.164766
0.165284
0.161816
0.163464
0.163591
0.161312
0.162829
0.161442
0.161867
0.167512
0.159576
0.160045
0.159631
0.161255
0.1681
0.161517
0.162329
0.16243
0.172694
0.174971
0.166448
0.194843
0.164222
0.162085
0.160465
0.161112
0.166093
0.171534
0.169302
0.177057
0.168422
0.170129
0.167956
0.169409
0.163421
0.163834
0.166784
0.169626
0.166131
0.165846
0.164891
0.159591
0.164906
0.171157
0.165434
0.160238
0.16472
0.165581
0.163472
0.164141
0.167346
0.166452
0.167933
0.199596
0.169283
0.171821
0.166004
0.174257
0.160369
0.166289
0.167159
0.172092
0.163992
0.162496
0.162522
0.160946
0.160707
0.161457
0.161051
0.165519
0.187849
0.167478
0.165754
0.164318
0.163302
0.164526
0.164493
0.163291
0.165224
0.1695
0.161972
0.168155
0.172568
0.165622
0.167026
0.173502
0.178391
0.174869
0.165042
0.165707
0.163473
0.166907
0.17332
0.163222
0.169182
0.166952
0.171565
0.159295
0.160659
0.164644
0.161676
0.166997
0.165474
0.165201
0.161401
0.162677
0.160972
0.164521
0.166079
0.172427
0.168298
0.161694
0.16824
0.169797
0.165145
0.160401
0.160184
0.161443
0.169836
0.168002
0.1683
0.162049
0.164567
0.164014
0.162056
0.164764
0.165993
0.167567
0.16515
0.16435
0.164112
0.164355
0.163464
0.170012
0.16151
0.166272
0.162375
0.162425
0.168638
0.161336
0.161125
0.163884
0.17185
0.16726
0.172276
0.173844
0.168105
0.169289
0.172041
0.163331
0.163849
0.170504
0.169213
0.163198
0.170781
0.159614
0.169187
0.16116
0.162972
0.167735
0.163095
0.161398
0.160143
0.163034
0.161518
0.160947
0.165344
0.16349
0.165716
0.16735
0.162048
0.16391
0.16315
0.164265
0.163959
0.16045
0.166305
0.164126
0.164972
0.164168
0.166587
0.161944
0.160862
0.159597
0.162423
0.16363
0.163284
0.167925
0.169748
0.16669
0.166028
0.168889
0.168864
0.163198
0.164711
0.162859
0.166287
0.169712
0.167658
0.163615
0.161646
0.161875
0.164345
0.164675
0.162775
0.162839
0.16156
0.163876
0.160133
0.163139
0.163852
0.169736
0.170476
0.163992
0.160899
0.162038
0.163397
0.163551
0.165957
0.164657
0.163482
0.163955
0.163318
0.164996
0.163745
0.168852
0.167269
0.166331
0.169217
0.165982
0.166415
0.164114
0.160279
0.160691
0.15958
0.160717
0.158871
0.157309
0.15935
0.159043
0.159619
0.158913
0.162229
0.161051
0.161823
0.160382
0.159856
0.161732
0.160561
0.163673
0.165246
0.161564
0.160369
0.165575
0.160605
0.159087
0.16378
0.162172
0.161945
0.159746
0.160566
0.162023
0.158568
0.159942
0.158205
0.161338
0.16074
0.161723
0.158134
0.159614
0.161083
0.161128
0.160446
0.163656
0.1607
0.1631
0.159623
0.160805
0.157902
0.16125
0.159445
0.162057
0.160833
0.159661
0.163601
0.161963
0.162043
0.159158
0.160253
0.15782
0.162085
0.160877
0.160393
0.16384
0.159504
0.164191
0.163906
0.160805
0.160061
0.160037
0.162782
0.163663
0.160802
0.160215
0.162003
0.160829
0.162366
0.161339
0.164614
0.161826
0.162143
0.159971
0.162821
0.161883
0.159215
0.159819
0.161353
0.160932
0.163009
0.162242
0.15924
0.160201
0.161049
0.15938
0.160505
0.160938
0.161031
0.163839
0.160955
0.157672
0.159474
0.161869
0.160539
0.163805
0.161689
0.160304
0.158251
0.161667
0.157964
0.15802
0.162667
0.161081
0.161952
0.163112
0.16117
0.159507
0.165455
0.160599
0.158793
0.159103
0.15912
0.160996
0.165782
0.161212
0.158951
0.158877
0.158001
0.159704
0.160316
0.159196
0.160523
0.159938
0.158453
0.160195
0.157008
0.157726
0.15948
0.159881
0.16375
0.161218
0.163872
0.160814
0.159772
0.161134
0.160676
0.158801
0.16021
0.159102
0.157748
0.15897
0.161361
0.159392
0.160974
0.15747
0.160473
0.157671
0.161283
0.162331
0.162111
0.161617
0.15955
0.161972
0.158788
0.161918
0.158782
0.159316
0.163828
0.158699
0.162843
0.16263
0.164871
0.159994
0.16527
0.163254
0.164121
0.161245
0.159239
0.160157
0.16306
0.161375
0.161355
0.160806
0.161258
0.161007
0.163246
0.158706
0.162549
0.159152
0.157899
0.158707
0.159987
0.157678
0.15982
0.167383
0.166868
0.16878
0.166365
0.165408
0.166457
0.180474
0.165793
0.16304
0.166723
0.165114
0.161608
0.161854
0.160993
0.16537
0.160719
0.162263
0.164027
0.16234
0.16194
0.162922
0.163861
0.160625
0.163657
0.162787
0.161393
0.164985
0.16359
0.161221
0.163787
0.161155
0.161415
0.162577
0.164293
0.162444
0.163084
0.162222
0.162737
0.162229
0.16261
0.166696
0.166561
0.167044
0.167172
0.172258
0.164128
0.161103
0.161958
0.16175
0.159907
0.167366
0.166885
0.161242
0.159627
0.16523
0.162099
0.162985
0.160784
0.158717
0.164047
0.160514
0.162908
0.168269
0.161883
0.164005
0.161477
0.164637
0.167604
0.170996
0.161217
0.169243
0.16414
0.164679
0.161644
0.162554
0.164592
0.161018
0.157699
0.163106
0.159408
0.160385
0.159585
0.163271
0.159109
0.161519
0.157893
0.159787
0.162686
0.160848
0.162482
0.161372
0.161017
0.161735
0.165287
0.169251
0.167982
0.163255
0.162349
0.161931
0.161306
0.158778
0.15982
0.165297
0.166025
0.165935
0.165701
0.160795
0.163344
0.164873
0.169141
0.169596
0.163509
0.166594
0.163609
0.165468
0.162803
0.162191
0.162152
0.163762
0.161011
0.163722
0.165697
0.164321
0.163143
0.163271
0.165818
0.161494
0.164844
0.170985
0.162483
0.169326
0.162606
0.160618
0.163566
0.162912
0.161514
0.16309
0.161868
0.165291
0.162339
0.164631
0.16349
0.163446
0.164938
0.161259
0.162009
0.162664
0.163807
0.160772
0.162265
0.166334
0.164934
0.16705
0.162728
0.164671
0.162023
0.161259
0.160972
0.166426
0.161064
0.164593
0.164864
0.162942
0.162496
0.162685
0.165896
0.174726
0.168694
0.170643
0.163304
0.162931
0.163735
0.1614
0.170149
0.177299
0.171824
0.162829
0.160873
0.162646
0.162155
0.159667
0.159877
0.163232
0.160727
0.160174
0.162663
0.159851
0.168711
0.160005
0.157722
0.15913
0.159303
0.161772
0.162535
0.166431
0.171109
0.171554
0.163536
0.167971
0.176039
0.166549
0.168497
0.175101
0.172646
0.163978
0.1692
0.166959
0.16233
0.160419
0.1653
0.170543
0.162989
0.162196
0.163592
0.158625
0.16227
0.160742
0.166587
0.165573
0.162765
0.163575
0.165638
0.16124
0.16055
0.161085
0.164462
0.163317
0.161615
0.162151
0.16499
0.163616
0.160326
0.164795
0.159958
0.158991
0.165472
0.163114
0.164133
0.166058
0.160762
0.161614
0.159502
0.162875
0.163947
0.163574
0.162112
0.161856
0.163223
0.162274
0.164041
0.164359
0.169479
0.163671
0.162265
0.165203
0.162613
0.162387
0.163065
0.160686
0.163814
0.160012
0.163031
0.162991
0.164981
0.166565
0.161489
0.165993
0.166147
0.164386
0.163971
0.160873
0.161607
0.160075
0.164029
0.166517
0.16224
0.162332
0.171307
0.167046
0.161672
0.163831
0.162204
0.161793
0.16252
0.162338
0.163703
0.162695
0.161859
0.164369
0.163377
