0.000111
0.00011
0.000117
0.000105
0.000105
0.000108
0.000107
0.000114
9.4e-05
9e-05
9.3e-05
9.3e-05
9.2e-05
9.2e-05
9.4e-05
9.3e-05
9.6e-05
9.2e-05
9.3e-05
9.6e-05
9.4e-05
9.5e-05
9.5e-05
0.000102
9.5e-05
9.1e-05
9.3e-05
9.5e-05
9.3e-05
9.4e-05
9.1e-05
9e-05
9.3e-05
9.2e-05
9.6e-05
9.3e-05
9.2e-05
9.3e-05
9.2e-05
9.2e-05
9.6e-05
9.5e-05
9.5e-05
9.3e-05
9.1e-05
9.3e-05
9.2e-05
9.1e-05
9.3e-05
9.1e-05
9.2e-05
9.2e-05
9.3e-05
9.2e-05
9.4e-05
9e-05
9.4e-05
9.1e-05
9e-05
9.3e-05
9.2e-05
8.9e-05
9.4e-05
9.2e-05
9.2e-05
9.3e-05
9.1e-05
9.1e-05
9.5e-05
9.3e-05
9.4e-05
9e-05
9.5e-05
9.3e-05
0.000115
0.0001
9.4e-05
9.6e-05
0.0001
9.4e-05
9.9e-05
9.5e-05
0.00011
0.00011
9.5e-05
9.8e-05
9.5e-05
9.4e-05
9.4e-05
9.5e-05
9.8e-05
9.3e-05
9.5e-05
0.0001
9.6e-05
9.7e-05
9.8e-05
9.4e-05
9.5e-05
9.4e-05
9.8e-05
9.8e-05
9.5e-05
0.000101
9.5e-05
9.5e-05
9.6e-05
9e-05
7.9e-05
7.9e-05
8e-05
8.1e-05
8.2e-05
7.8e-05
8e-05
8e-05
7.7e-05
7.9e-05
7.7e-05
7.9e-05
7.9e-05
8.3e-05
8e-05
7.9e-05
7.8e-05
7.9e-05
8e-05
7.7e-05
7.9e-05
8.1e-05
8e-05
8e-05
7.7e-05
7.9e-05
7.8e-05
7.9e-05
7.8e-05
7.8e-05
7.8e-05
7.8e-05
7.9e-05
7.9e-05
7.9e-05
7.9e-05
8.1e-05
7.9e-05
7.9e-05
8.2e-05
7.8e-05
7.8e-05
7.8e-05
7.8e-05
7.7e-05
8e-05
8.3e-05
8e-05
7.9e-05
8.3e-05
7.6e-05
7.6e-05
7.9e-05
7.8e-05
7.9e-05
7.7e-05
7.9e-05
8e-05
7.8e-05
8.1e-05
8.2e-05
7.9e-05
8.1e-05
8e-05
8e-05
7.8e-05
7.9e-05
7.9e-05
8e-05
7.8e-05
8.1e-05
7.8e-05
8e-05
7.7e-05
7.9e-05
7.9e-05
7.8e-05
7.8e-05
7.9e-05
8e-05
7.7e-05
7.9e-05
7.8e-05
7.8e-05
7.6e-05
8e-05
7.7e-05
8e-05
8e-05
8e-05
7.8e-05
8e-05
8.1e-05
8.2e-05
7.9e-05
7.9e-05
7.9e-05
8.1e-05
8e-05
8e-05
7.9e-05
8e-05
8e-05
8e-05
7.9e-05
8e-05
7.8e-05
7.7e-05
7.7e-05
8e-05
8.3e-05
8.1e-05
8.3e-05
8.2e-05
9e-05
0.000126
9.3e-05
8.9e-05
8e-05
8.2e-05
8.2e-05
8.1e-05
8.1e-05
8.2e-05
8.2e-05
8.1e-05
8.2e-05
9.8e-05
8.6e-05
8.1e-05
0.00011
8e-05
8.1e-05
8.1e-05
8.9e-05
9.5e-05
9.7e-05
8.9e-05
9.2e-05
8.4e-05
0.000106
9.7e-05
8e-05
7.8e-05
7.9e-05
7.9e-05
8.9e-05
7.8e-05
7.8e-05
7.9e-05
8.7e-05
9.8e-05
0.000122
0.000139
0.000133
0.000137
0.000115
0.000123
0.000126
0.000115
0.000111
8e-05
7.7e-05
7.8e-05
7.8e-05
7.7e-05
7.9e-05
7.8e-05
8.1e-05
7.8e-05
7.7e-05
8e-05
7.8e-05
8e-05
8e-05
8.1e-05
7.5e-05
7.9e-05
7.7e-05
8e-05
8e-05
8.1e-05
9.9e-05
7.9e-05
8.1e-05
7.7e-05
8.1e-05
7.7e-05
8.2e-05
8.1e-05
7.7e-05
7.8e-05
7.9e-05
7.7e-05
7.8e-05
8.3e-05
7.8e-05
8e-05
7.9e-05
7.9e-05
9e-05
9e-05
7.8e-05
7.8e-05
8.1e-05
8.1e-05
7.9e-05
7.7e-05
8.2e-05
7.8e-05
7.8e-05
8.1e-05
7.8e-05
7.8e-05
7.9e-05
8e-05
7.8e-05
8.3e-05
7.8e-05
7.8e-05
8.5e-05
7.9e-05
8e-05
7.9e-05
7.8e-05
7.8e-05
7.8e-05
7.9e-05
7.8e-05
7.6e-05
8e-05
7.7e-05
8e-05
8.9e-05
8.9e-05
7.6e-05
7.9e-05
7.8e-05
8e-05
8e-05
7.9e-05
8.8e-05
8.2e-05
7.9e-05
8.3e-05
7.8e-05
8.1e-05
8.1e-05
8.1e-05
8.3e-05
8.9e-05
7.9e-05
8.2e-05
7.8e-05
8e-05
7.8e-05
7.8e-05
7.7e-05
7.9e-05
7.9e-05
7.7e-05
7.9e-05
7.6e-05
8e-05
7.8e-05
7.8e-05
8.9e-05
0.00012
9.8e-05
8.2e-05
9.1e-05
9e-05
7.8e-05
8.1e-05
7.7e-05
8e-05
9.7e-05
9.1e-05
9.6e-05
8.8e-05
8.6e-05
8.2e-05
7.5e-05
7.7e-05
7.6e-05
7.7e-05
7.6e-05
7.6e-05
8.2e-05
7.7e-05
7.9e-05
7.6e-05
7.8e-05
7.8e-05
7.7e-05
7.8e-05
8.8e-05
7.7e-05
7.6e-05
7.6e-05
7.6e-05
7.7e-05
7.9e-05
7.7e-05
7.8e-05
7.8e-05
7.7e-05
8e-05
9.1e-05
8.8e-05
7.6e-05
7.7e-05
7.8e-05
7.7e-05
7.6e-05
7.9e-05
7.6e-05
7.4e-05
7.6e-05
7.5e-05
7.6e-05
7.6e-05
7.7e-05
7.8e-05
7.8e-05
7.7e-05
7.7e-05
8.1e-05
7.5e-05
7.6e-05
7.4e-05
7.5e-05
7.8e-05
7.6e-05
7.7e-05
7.7e-05
7.8e-05
7.7e-05
7.7e-05
8.1e-05
7.6e-05
0.000114
7.4e-05
7.6e-05
7.6e-05
7.7e-05
7.7e-05
7.7e-05
7.9e-05
8e-05
7.6e-05
7.5e-05
7.6e-05
7.7e-05
7.5e-05
7.6e-05
7.5e-05
7.8e-05
8.1e-05
7.7e-05
7.6e-05
7.6e-05
7.6e-05
7.5e-05
7.6e-05
7.7e-05
7.7e-05
7.9e-05
7.7e-05
7.6e-05
7.7e-05
7.6e-05
7.6e-05
7.7e-05
7.8e-05
7.5e-05
7.9e-05
7.5e-05
7.8e-05
7.7e-05
7.9e-05
7.8e-05
7.4e-05
7.6e-05
7.4e-05
7.9e-05
7.6e-05
7.5e-05
7.6e-05
7.7e-05
7.6e-05
7.4e-05
7.4e-05
8.2e-05
7.9e-05
9.7e-05
7.5e-05
7.8e-05
7.6e-05
7.7e-05
8e-05
7.6e-05
7.6e-05
7.6e-05
7.6e-05
7.5e-05
7.9e-05
7.9e-05
7.5e-05
7.6e-05
7.9e-05
7.4e-05
7.5e-05
7.5e-05
7.7e-05
7.9e-05
7.6e-05
9.1e-05
7.6e-05
9.7e-05
7.8e-05
8.6e-05
0.000127
0.000111
8e-05
0.000103
8e-05
8.1e-05
8.3e-05
0.000133
8e-05
9.1e-05
8.5e-05
8.1e-05
7.9e-05
8e-05
7.8e-05
7.9e-05
8.1e-05
7.8e-05
7.8e-05
8e-05
8.2e-05
8.5e-05
7.8e-05
7.9e-05
7.7e-05
8.5e-05
8.1e-05
7.6e-05
8.1e-05
8e-05
8e-05
7.9e-05
0.000103
0.000135
0.000144
0.000142
0.000147
0.000115
0.000115
0.000119
0.000111
0.000113
0.00012
0.000124
9.9e-05
8.8e-05
8.8e-05
0.000104
8.4e-05
8.1e-05
8.3e-05
8e-05
7.6e-05
8e-05
7.7e-05
7.8e-05
7.9e-05
7.9e-05
7.9e-05
7.8e-05
8e-05
9.9e-05
8.4e-05
8e-05
7.9e-05
7.7e-05
8e-05
7.9e-05
7.9e-05
0.000115
7.7e-05
7.8e-05
7.8e-05
8.1e-05
7.9e-05
8.2e-05
8e-05
8.1e-05
7.9e-05
7.8e-05
7.9e-05
7.8e-05
7.8e-05
7.7e-05
7.6e-05
7.7e-05
7.8e-05
7.9e-05
7.8e-05
8.1e-05
7.9e-05
7.6e-05
7.8e-05
7.8e-05
7.7e-05
8e-05
7.8e-05
7.8e-05
8.2e-05
7.9e-05
7.7e-05
7.7e-05
7.7e-05
8e-05
7.9e-05
7.6e-05
7.8e-05
8.1e-05
7.8e-05
7.8e-05
7.8e-05
7.9e-05
7.8e-05
7.8e-05
7.9e-05
8.1e-05
7.9e-05
8.1e-05
7.8e-05
7.8e-05
8e-05
7.9e-05
8.1e-05
7.9e-05
7.8e-05
7.8e-05
7.7e-05
8.1e-05
7.9e-05
8.1e-05
8.4e-05
7.8e-05
7.9e-05
7.7e-05
7.9e-05
7.7e-05
7.9e-05
8.1e-05
8e-05
8e-05
7.7e-05
7.8e-05
7.6e-05
8.1e-05
7.7e-05
8e-05
8.5e-05
7.7e-05
7.8e-05
7.7e-05
0.000121
0.000106
7.5e-05
0.000111
7.7e-05
7.8e-05
7.7e-05
7.7e-05
7.7e-05
7.5e-05
7.6e-05
7.5e-05
7.7e-05
7.8e-05
7.6e-05
7.7e-05
7.6e-05
7.5e-05
7.7e-05
7.6e-05
7.8e-05
7.7e-05
7.6e-05
7.6e-05
7.8e-05
7.6e-05
7.7e-05
7.6e-05
7.5e-05
7.6e-05
7.6e-05
7.6e-05
7.9e-05
7.8e-05
7.6e-05
8.8e-05
0.000108
7.6e-05
7.8e-05
7.9e-05
0.0001
9.1e-05
8.1e-05
7.7e-05
7.8e-05
7.6e-05
7.8e-05
7.7e-05
7.6e-05
8.1e-05
7.6e-05
8.1e-05
7.9e-05
8e-05
8e-05
7.6e-05
8e-05
7.6e-05
7.4e-05
7.6e-05
7.7e-05
7.8e-05
7.8e-05
7.7e-05
7.9e-05
7.8e-05
7.7e-05
8.8e-05
7.6e-05
7.9e-05
7.7e-05
7.6e-05
7.5e-05
7.9e-05
7.7e-05
7.7e-05
7.6e-05
7.9e-05
7.7e-05
0.000128
7.7e-05
7.5e-05
7.7e-05
7.7e-05
7.8e-05
8.2e-05
7.6e-05
8.7e-05
7.6e-05
8e-05
7.5e-05
7.7e-05
7.7e-05
7.7e-05
7.8e-05
7.7e-05
9.7e-05
0.000103
8e-05
7.7e-05
8.7e-05
7.9e-05
7.7e-05
7.6e-05
7.9e-05
7.8e-05
7.8e-05
7.6e-05
7.5e-05
7.7e-05
7.7e-05
8.7e-05
7.7e-05
7.6e-05
9.8e-05
7.8e-05
7.5e-05
7.6e-05
7.6e-05
7.6e-05
7.4e-05
7.8e-05
7.7e-05
9.6e-05
7.8e-05
7.9e-05
7.6e-05
7.7e-05
7.9e-05
7.7e-05
8.6e-05
7.6e-05
7.8e-05
7.7e-05
7.5e-05
7.6e-05
7.6e-05
7.6e-05
7.6e-05
7.5e-05
7.6e-05
7.6e-05
7.7e-05
7.7e-05
7.7e-05
7.5e-05
7.9e-05
8.1e-05
7.8e-05
7.7e-05
7.5e-05
8.3e-05
7.4e-05
7.6e-05
7.5e-05
7.5e-05
0.000102
7.7e-05
7.7e-05
7.4e-05
7.8e-05
7.7e-05
7.6e-05
7.6e-05
7.6e-05
8.7e-05
0.000107
0.0001
8.3e-05
0.000111
7.4e-05
7.7e-05
7.7e-05
7.9e-05
7.6e-05
7.7e-05
7.5e-05
7.8e-05
7.7e-05
7.8e-05
7.7e-05
7.9e-05
8.1e-05
7.5e-05
7.7e-05
7.4e-05
7.6e-05
7.8e-05
7.9e-05
8.6e-05
7.6e-05
7.8e-05
7.8e-05
8e-05
7.7e-05
7.8e-05
7.8e-05
7.7e-05
9.4e-05
7.7e-05
7.8e-05
7.6e-05
7.8e-05
7.4e-05
7.5e-05
7.5e-05
7.9e-05
7.8e-05
8e-05
7.7e-05
7.9e-05
7.7e-05
7.5e-05
7.5e-05
7.7e-05
7.7e-05
7.5e-05
7.6e-05
7.5e-05
7.5e-05
7.6e-05
7.6e-05
7.7e-05
7.8e-05
7.6e-05
7.6e-05
7.7e-05
7.7e-05
7.7e-05
7.6e-05
7.5e-05
7.6e-05
7.7e-05
7.6e-05
7.7e-05
7.5e-05
7.6e-05
7.7e-05
7.6e-05
7.7e-05
7.7e-05
7.5e-05
7.7e-05
7.6e-05
7.6e-05
7.7e-05
7.4e-05
7.6e-05
8e-05
7.6e-05
7.6e-05
7.6e-05
7.6e-05
8.1e-05
7.9e-05
7.7e-05
7.7e-05
7.7e-05
7.5e-05
7.7e-05
8.3e-05
7.7e-05
7.6e-05
7.9e-05
7.8e-05
7.7e-05
7.7e-05
7.5e-05
7.4e-05
7.5e-05
7.5e-05
7.5e-05
7.8e-05
7.9e-05
7.6e-05
7.7e-05
7.7e-05
7.6e-05
7.6e-05
7.6e-05
7.6e-05
7.8e-05
7.6e-05
0.000103
7.7e-05
8.6e-05
7.6e-05
7.6e-05
7.5e-05
7.7e-05
7.9e-05
7.5e-05
8.1e-05
7.9e-05
7.6e-05
7.6e-05
7.7e-05
8.7e-05
7.6e-05
7.7e-05
7.7e-05
7.9e-05
7.8e-05
9e-05
8.6e-05
7.7e-05
7.8e-05
7.7e-05
7.7e-05
8.1e-05
7.8e-05
7.6e-05
7.5e-05
7.8e-05
7.6e-05
7.7e-05
7.7e-05
7.8e-05
7.6e-05
8.5e-05
