0.013571
0.013854
0.014414
0.01328
0.012928
0.01393
0.013508
0.013159
0.01412
0.013861
0.013262
0.012951
0.012884
0.014108
0.013289
0.014112
0.013423
0.012838
0.014121
0.013249
0.014207
0.013473
0.014158
0.013295
0.01264
0.014213
0.01319
0.014137
0.013288
0.013639
0.014693
0.013399
0.014079
0.013107
0.013973
0.013209
0.013085
0.013737
0.013451
0.013345
0.013237
0.013187
0.01303
0.013356
0.013016
0.013584
0.013246
0.013649
0.012951
0.012897
0.014803
0.013151
0.014178
0.013301
0.013109
0.014282
0.013032
0.014185
0.013393
0.014023
0.013411
0.014071
0.013678
0.013172
0.014158
0.013315
0.013082
0.013662
0.013713
0.014016
0.013475
0.013394
0.013372
0.013906
0.014858
0.014506
0.014239
0.01381
0.014102
0.015772
0.015381
0.014897
0.013672
0.014637
0.013106
0.013437
0.014379
0.013238
0.013424
0.012885
0.01412
0.015434
0.014471
0.014879
0.013862
0.014402
0.013284
0.014178
0.014187
0.013589
0.013717
0.013387
0.015149
0.013901
0.014162
0.013216
0.013603
0.013188
0.013381
0.01353
0.013144
0.013402
0.013332
0.01346
0.01309
0.013357
0.013278
0.014108
0.01294
0.014554
0.013269
0.01328
0.014618
0.013518
0.014988
0.01327
0.013068
0.015125
0.013257
0.014447
0.013491
0.014428
0.013677
0.013337
0.013698
0.01361
0.013866
0.013456
0.013225
0.013345
0.013249
0.013802
0.013477
0.014069
0.013512
0.014872
0.015626
0.016163
0.015333
0.013201
0.013949
0.014106
0.013464
0.01421
0.014023
0.01439
0.014027
0.013258
0.014395
0.014801
0.01396
0.012904
0.013481
0.014073
0.013023
0.014104
0.013548
0.014621
0.013197
0.012898
0.014399
0.01316
0.014045
0.013329
0.012882
0.013839
0.013108
0.013949
0.013421
0.013694
0.013394
0.012936
0.012992
0.013569
0.013187
0.013361
0.01391
0.013166
0.013587
0.012878
0.013985
0.013276
0.014289
0.013254
0.013168
0.01466
0.014289
0.015739
0.013749
0.013055
0.014113
0.013805
0.013747
0.013594
0.014202
0.013876
0.013946
0.014814
0.014084
0.014403
0.014018
0.0149
0.014853
0.014418
0.016009
0.015675
0.014567
0.014119
0.015057
0.013482
0.014465
0.013242
0.013733
0.014517
0.013822
0.013941
0.013695
0.014974
0.013999
0.01402
0.015249
0.013547
0.014761
0.013361
0.013677
0.013998
0.013517
0.014422
0.013798
0.014003
0.013145
0.013053
0.014209
0.013442
0.01409
0.013303
0.013132
0.013321
0.013318
0.013415
0.01305
0.012984
0.013374
0.01354
0.013155
0.013625
0.013724
0.013765
0.013159
0.013296
0.014174
0.013295
0.014513
0.013172
0.014282
0.013607
0.013664
0.014894
0.013222
0.014295
0.013281
0.013789
0.014224
0.013605
0.013629
0.013345
0.014021
0.013351
0.013012
0.014591
0.013133
0.014055
0.013105
0.013698
0.015102
0.014029
0.013444
0.013781
0.013545
0.013878
0.01321
0.013501
0.01359
0.013013
0.013499
0.013391
0.01426
0.014954
0.01388
0.014311
0.014208
0.013777
0.014596
0.01593
0.015364
0.015691
0.013616
0.013542
0.013814
0.01393
0.014351
0.013308
0.01424
0.014551
0.014308
0.014515
0.01447
0.014458
0.014834
0.013896
0.014263
0.013913
0.01435
0.013858
0.014335
0.013415
0.013228
0.014091
0.012997
0.014359
0.013227
0.013553
0.013734
0.013487
0.014578
0.013575
0.014006
0.013382
0.013086
0.014072
0.013399
0.014176
0.013294
0.013258
0.013404
0.013447
0.013477
0.013492
0.013305
0.0132
0.012719
0.013109
0.013654
0.013417
0.013946
0.013421
0.013066
0.01409
0.013047
0.014043
0.013515
0.014482
0.01307
0.013098
0.014361
0.013529
0.014132
0.013448
0.013459
0.014181
0.013051
0.013838
0.014024
0.013548
0.013122
0.01314
0.013184
0.013406
0.01312
0.01368
0.013618
0.013419
0.013328
0.01332
0.013545
0.013394
0.013513
0.015321
0.01349
0.01415
0.013882
0.01634
0.015051
0.015049
0.015724
0.014743
0.015163
0.014465
0.014199
0.014009
0.013683
0.01417
0.013849
0.013401
0.013479
0.013367
0.013974
0.013729
0.016014
0.014595
0.014807
0.014533
0.013516
0.013791
0.013297
0.013016
0.013558
0.013476
0.013477
0.013871
0.01368
0.01332
0.013347
0.013599
0.013344
0.013432
0.013237
0.01304
0.01328
0.013393
0.013351
0.013771
0.012948
0.013623
0.013624
0.014061
0.01398
0.013264
0.013996
0.014438
0.013738
0.014026
0.014233
0.014002
0.014309
0.014038
0.014286
0.014626
0.013719
0.013695
0.013672
0.014237
0.016299
0.014973
0.01405
0.014012
0.015026
0.013512
0.013813
0.014484
0.013588
0.013573
0.014166
0.014321
0.014107
0.013917
0.013719
0.013689
0.013878
0.01338
0.013883
0.013782
0.013807
0.013915
0.013398
0.01393
0.013672
0.013452
0.014423
0.013653
0.013397
0.01335
0.013272
0.013584
0.01361
0.013569
0.013329
0.013463
0.013684
0.013658
0.013828
0.013938
0.013905
0.013778
0.013278
0.014287
0.013487
0.015457
0.016426
0.014266
0.01499
0.013466
0.013569
0.013422
0.014141
0.015622
0.014642
0.013495
0.013498
0.014407
0.013681
0.013657
0.0141
0.014074
0.013795
0.013868
0.013818
0.013805
0.014986
0.013642
0.014339
0.013296
0.013516
0.013773
0.013569
0.01418
0.01341
0.013748
0.013493
0.012877
0.013211
0.014155
0.013437
0.013476
0.013453
0.013393
0.013312
0.013277
0.013547
0.013014
0.013913
0.014209
0.013405
0.014434
0.013411
0.014152
0.013422
0.012656
0.014631
0.013351
0.014879
0.013495
0.014442
0.013497
0.013167
0.014051
0.013527
0.014305
0.013559
0.013092
0.013978
0.013349
0.014416
0.01306
0.014687
0.013293
0.013094
0.012987
0.013015
0.013591
0.013103
0.013368
0.012916
0.014233
0.014011
0.013553
0.013633
0.013619
0.014197
0.013476
0.013256
0.013918
0.013623
0.013274
0.013389
0.013635
0.013581
0.013523
0.013383
0.014099
0.013181
0.013303
0.013405
0.013467
0.013205
0.013191
0.013085
0.014146
0.01327
0.014799
0.014425
0.014247
0.013484
0.013579
0.013636
0.01368
0.013696
0.013633
0.013229
0.013544
0.013542
0.014356
0.013495
0.013875
0.013763
0.013411
0.013934
0.014033
0.014057
0.013907
0.013823
0.014499
0.014173
0.015314
0.014184
0.014444
0.013821
0.01376
0.013923
0.013945
0.013762
0.013958
0.013684
0.014027
0.01437
0.013949
0.014342
0.014399
0.013983
0.013775
0.013583
0.013946
0.014127
0.01391
0.013435
0.014711
0.01364
0.01389
0.014177
0.013984
0.014246
0.014096
0.014101
0.014093
0.014029
0.013942
0.014098
0.013996
0.013573
0.013789
0.013555
0.014013
0.013967
0.014571
0.01398
0.013913
0.014032
0.013606
0.013876
0.013837
0.013783
0.013562
0.013616
0.014024
0.013816
0.014298
0.013368
0.015467
0.01415
0.014606
0.013909
0.014278
0.014807
0.014021
0.015451
0.014223
0.015175
0.013822
0.01386
0.015003
0.013343
0.014215
0.013857
0.015065
0.014066
0.014081
0.01513
0.01354
0.014242
0.01422
0.014769
0.013899
0.013484
0.014238
0.013906
0.013722
0.013903
0.013893
0.014081
0.014869
0.013579
0.013779
0.013616
0.013619
0.013579
0.013392
0.01384
0.01368
0.014538
0.013476
0.014008
0.014029
0.013908
0.013599
0.013558
0.013854
0.013464
0.014198
0.013152
0.013773
0.013347
0.014357
0.013492
0.013497
0.013321
0.01373
0.014064
0.013423
0.013322
0.013074
0.013428
0.013596
0.013734
0.013566
0.013451
0.013394
0.01361
0.013487
0.013613
0.013621
0.013759
0.01361
0.013379
0.014541
0.01381
0.01361
0.013902
0.01432
0.013624
0.014195
0.013716
0.013265
0.013654
0.013726
0.013462
0.013549
0.01336
0.013704
0.013372
0.01351
0.014203
0.013349
0.013492
0.014335
0.013923
0.013565
0.013207
0.014489
0.013389
0.013317
0.013218
0.013395
0.013582
0.013217
0.01352
0.013826
0.013281
0.013444
0.014603
0.013182
0.01355
0.012972
0.013382
0.013194
0.014452
0.013289
0.013303
0.013763
0.013518
0.013539
0.0147
0.013483
0.013387
0.014304
0.013644
0.013268
0.013311
0.013524
0.013272
0.014622
0.013374
0.013273
0.013477
0.013439
0.013842
0.013629
0.013484
0.013521
0.013863
0.013755
0.014119
0.01292
0.013468
0.013055
0.013889
0.013188
0.013288
0.013241
0.013452
0.014499
0.013366
0.013427
0.013608
0.014266
0.013765
0.013579
0.01337
0.013516
0.013386
0.013523
0.013441
0.013545
0.013551
0.013034
0.01337
0.013129
0.014126
0.013451
0.013847
0.013615
0.013306
0.013067
0.013862
0.013535
0.013298
0.013569
0.014212
0.013987
0.013364
0.013469
0.013655
0.014656
0.01329
0.013301
0.013299
0.013188
0.013433
0.013753
0.014381
0.013194
0.013631
0.013375
0.013886
0.01354
0.014738
0.013843
0.013486
0.014701
0.014172
0.013767
0.013641
0.013658
0.013315
0.013969
0.014152
0.014045
0.013699
0.013367
0.013533
0.01368
0.014675
0.013333
0.014118
0.013613
0.013475
0.014542
0.013868
0.014056
0.013374
0.01384
0.013179
0.01349
0.012886
0.013544
0.013134
0.013853
0.013327
0.01332
0.01376
0.013475
0.014564
0.013384
0.013598
0.013569
0.01376
0.013565
0.014213
0.013371
0.013205
0.013241
0.01359
0.013846
0.013441
0.013727
0.013158
0.013466
0.013549
0.013428
0.013554
0.013511
0.013448
0.013346
0.012849
0.013481
0.013598
0.014041
0.015471
0.013768
0.014096
0.01364
0.014479
0.013593
0.01404
0.014656
0.013811
0.014207
0.013657
0.014282
0.013668
0.014083
0.013936
0.014088
0.016582
0.015439
0.014828
0.014063
0.014354
0.013867
0.013977
0.013903
0.014292
0.014214
0.01424
0.013643
0.013991
0.013549
0.013705
0.013784
0.013992
0.013828
0.013838
0.013795
0.013391
0.014035
0.013344
0.013996
0.013106
0.013766
0.013252
0.013156
0.013783
0.013309
0.013586
0.013659
0.013944
0.013399
0.013845
0.013327
0.013505
0.013514
0.013418
0.01372
0.013863
0.015001
0.013885
0.01404
0.013326
0.013715
0.013387
0.01471
