0.001232
0.001091
0.001052
0.001068
0.001059
0.001042
0.001114
0.001145
0.001002
0.001012
0.001127
0.001075
0.001022
0.001072
0.001034
0.001039
0.001033
0.001104
0.00105
0.001129
0.001064
0.001056
0.001653
0.001251
0.001093
0.001037
0.00106
0.001049
0.001063
0.001077
0.001098
0.001064
0.001015
0.001015
0.001134
0.001011
0.001056
0.001057
0.001014
0.001076
0.000997
0.001023
0.001041
0.001058
0.001201
0.001034
0.001084
0.001
0.001039
0.001015
0.001021
0.001016
0.001002
0.00102
0.001071
0.001026
0.001077
0.001112
0.001045
0.001711
0.001216
0.001046
0.001081
0.001091
0.001048
0.001056
0.001096
0.001074
0.001147
0.001009
0.000994
0.001069
0.001047
0.001105
0.001138
0.00117
0.000998
0.001051
0.001069
0.001016
0.001022
0.001177
0.001056
0.001119
0.001537
0.001097
0.001113
0.001068
0.001099
0.001089
0.001085
0.001135
0.001164
0.001032
0.001034
0.0011
0.00104
0.001006
0.001107
0.001183
0.00101
0.001014
0.001026
0.001103
0.001056
0.001038
0.001047
0.001014
0.001007
0.001003
0.001063
0.001013
0.001006
0.001014
0.001059
0.001035
0.000998
0.001043
0.001148
0.00106
0.00123
0.001448
0.001065
0.00106
0.001063
0.001071
0.001059
0.001108
0.001049
0.001051
0.00106
0.001073
0.001108
0.001144
0.001035
0.001026
0.001062
0.001069
0.001055
0.001088
0.001067
0.001046
0.001076
0.001073
0.001056
0.001652
0.001234
0.001117
0.001074
0.001052
0.001042
0.001066
0.001046
0.001082
0.001134
0.001052
0.001033
0.001091
0.001171
0.00109
0.001104
0.001059
0.001064
0.001079
0.001278
0.001153
0.001126
0.001027
0.001306
0.001394
0.001079
0.001081
0.001082
0.001077
0.001054
0.001054
0.001067
0.001081
0.001042
0.001037
0.001082
0.001116
0.001059
0.001055
0.0011
0.001028
0.001042
0.001049
0.001057
0.00103
0.001148
0.001031
0.001057
0.001007
0.00106
0.001
0.000991
0.001011
0.001037
0.001025
0.001019
0.001076
0.001092
0.00103
0.001135
0.001045
0.001571
0.001174
0.001121
0.001037
0.001062
0.001109
0.001049
0.001059
0.001067
0.001191
0.001083
0.001048
0.001094
0.001142
0.001032
0.001103
0.001067
0.001072
0.001053
0.001065
0.00106
0.001138
0.001061
0.001094
0.001677
0.001107
0.001068
0.001094
0.001089
0.00108
0.001046
0.001035
0.001008
0.00112
0.00104
0.001019
0.001148
0.001102
0.001058
0.001075
0.001034
0.001096
0.001042
0.001063
0.001267
0.001317
0.00106
0.001113
0.001054
0.001084
0.001097
0.001072
0.001102
0.001064
0.001063
0.001073
0.001071
0.001148
0.001102
0.001088
0.001682
0.001108
0.001032
0.001089
0.001064
0.001107
0.001106
0.001049
0.001111
0.001177
0.001056
0.000998
0.001117
0.001006
0.001078
0.00106
0.001017
0.00103
0.001016
0.001034
0.001032
0.001043
0.001188
0.001008
0.001157
0.00155
0.001085
0.001099
0.001044
0.001035
0.00104
0.001048
0.001046
0.001063
0.001069
0.001037
0.001106
0.001143
0.001034
0.001001
0.001076
0.001024
0.001004
0.001086
0.001008
0.00101
0.001058
0.001145
0.001044
0.001455
0.001351
0.00103
0.001078
0.00107
0.001086
0.001038
0.001061
0.001091
0.001103
0.001008
0.001015
0.0011
0.000994
0.001024
0.001019
0.001041
0.001027
0.001037
0.001038
0.000989
0.001052
0.001109
0.001003
0.001022
0.001022
0.001038
0.001036
0.001094
0.001006
0.001051
0.001038
0.001044
0.001027
0.001038
0.001159
0.001059
0.001118
0.001531
0.001072
0.001091
0.00108
0.001089
0.001034
0.001071
0.001075
0.001084
0.001005
0.001016
0.001111
0.001065
0.001021
0.001048
0.001064
0.001036
0.001025
0.00103
0.001102
0.001032
0.001168
0.001154
0.001056
0.001519
0.001339
0.001018
0.001034
0.001068
0.00103
0.001035
0.001046
0.001069
0.001087
0.001037
0.001048
0.001057
0.001128
0.001071
0.001056
0.000999
0.001009
0.001045
0.001046
0.001011
0.001036
0.001115
0.001074
0.001015
0.000991
0.00105
0.001023
0.001021
0.001016
0.001071
0.001013
0.001004
0.001066
0.001049
0.001232
0.001046
0.001177
0.001501
0.001093
0.001085
0.001078
0.001079
0.001083
0.00107
0.001077
0.001163
0.001033
0.001008
0.000986
0.001201
0.001009
0.00114
0.001027
0.001041
0.000998
0.001022
0.001064
0.00102
0.001237
0.001055
0.001156
0.001514
0.00107
0.001187
0.001056
0.001072
0.001045
0.001048
0.001045
0.001049
0.001078
0.001013
0.001121
0.001116
0.001007
0.001003
0.001026
0.001057
0.001045
0.001159
0.00101
0.001119
0.001148
0.00108
0.00142
0.00133
0.001055
0.001089
0.001066
0.00106
0.001078
0.001037
0.001043
0.001129
0.001033
0.001055
0.001071
0.001106
0.001072
0.001049
0.001102
0.001093
0.001077
0.001045
0.001071
0.001056
0.001212
0.001096
0.001034
0.001036
0.001047
0.001031
0.00101
0.001021
0.001019
0.001024
0.001039
0.001137
0.001083
0.001142
0.00108
0.001045
0.001689
0.001133
0.001079
0.001125
0.001038
0.001035
0.001063
0.001058
0.00118
0.001051
0.001078
0.001032
0.001097
0.001045
0.001027
0.001006
0.001021
0.00104
0.001022
0.000999
0.001
0.001149
0.001116
0.001043
0.001636
0.001205
0.001028
0.001073
0.001059
0.001051
0.001038
0.001063
0.001051
0.001149
0.001056
0.001029
0.001117
0.001012
0.001035
0.001172
0.00102
0.00103
0.001194
0.001057
0.001027
0.001164
0.001021
0.001033
0.001064
0.001106
0.00102
0.001078
0.001038
0.001031
0.001048
0.001094
0.001106
0.001048
0.001151
0.001054
0.001065
0.001618
0.00112
0.001077
0.001043
0.001052
0.001047
0.001062
0.001088
0.001046
0.001204
0.001009
0.001016
0.001118
0.001012
0.000996
0.001057
0.00101
0.001074
0.001031
0.001059
0.001021
0.001036
0.001238
0.001093
0.00116
0.001511
0.001082
0.001079
0.001035
0.001075
0.001093
0.001031
0.001057
0.001146
0.001041
0.001059
0.00102
0.0012
0.001057
0.001065
0.00102
0.001014
0.00102
0.001012
0.001054
0.001066
0.001192
0.00103
0.001086
0.001576
0.001086
0.001121
0.001064
0.00107
0.001119
0.001059
0.001055
0.001054
0.001043
0.001025
0.001019
0.001066
0.001014
0.00102
0.001046
0.001003
0.001101
0.001025
0.00101
0.001017
0.001229
0.00109
0.000999
0.00107
0.001018
0.001038
0.001008
0.001006
0.001025
0.001029
0.001014
0.001061
0.001077
0.001226
0.001076
0.001075
0.001647
0.001149
0.001096
0.001113
0.001055
0.001023
0.001026
0.001062
0.001106
0.001156
0.001037
0.001075
0.001129
0.001179
0.001049
0.001086
0.001056
0.001032
0.001059
0.001122
0.001062
0.001141
0.00109
0.001413
0.001317
0.001078
0.001101
0.001085
0.001106
0.001066
0.001109
0.001083
0.001119
0.001116
0.001049
0.001156
0.001062
0.001033
0.001066
0.001017
0.001049
0.000995
0.000998
0.001081
0.001059
0.001195
0.001019
0.001017
0.001021
0.001012
0.001074
0.001023
0.001008
0.001028
0.001007
0.00101
0.00101
0.001115
0.001131
0.001039
0.001433
0.001373
0.001071
0.001095
0.001084
0.001073
0.001068
0.001039
0.001062
0.001153
0.001053
0.001104
0.001096
0.001112
0.00105
0.001041
0.001074
0.001133
0.001024
0.001042
0.001041
0.000997
0.001177
0.001069
0.001048
0.00164
0.001137
0.00106
0.001106
0.001022
0.001046
0.001028
0.001083
0.001011
0.001249
0.001008
0.001042
0.00114
0.001032
0.001022
0.001096
0.001009
0.001008
0.001024
0.001052
0.001014
0.001131
0.00115
0.001082
0.001594
0.001225
0.001106
0.001062
0.001037
0.001076
0.001014
0.001032
0.001024
0.001047
0.001138
0.001014
0.001174
0.001006
0.001033
0.001019
0.001034
0.001025
0.001023
0.001066
0.001048
0.001013
0.001237
0.001032
0.001023
0.001004
0.00107
0.001029
0.001025
0.001032
0.001021
0.001012
0.001017
0.001015
0.0011
0.001184
0.001091
0.001057
0.001685
0.001126
0.001102
0.001054
0.001061
0.001058
0.00109
0.001033
0.001037
0.001173
0.001069
0.001076
0.00113
0.001036
0.001022
0.001078
0.001034
0.001087
0.001026
0.000998
0.001012
0.001179
0.001092
0.001055
0.001723
0.001175
0.001092
0.001051
0.001079
0.001058
0.001072
0.001126
0.001143
0.001104
0.001064
0.001072
0.001074
0.001045
0.001039
0.001095
0.001055
0.001056
0.001057
0.001104
0.001102
0.001187
0.001053
0.001017
0.001021
0.001025
0.001018
0.001027
0.001007
0.001032
0.001014
0.001011
0.001015
0.001026
0.001123
0.001129
0.00104
0.001508
0.001214
0.001047
0.001044
0.001043
0.001016
0.001111
0.001051
0.001053
0.001231
0.00103
0.001002
0.001004
0.001216
0.00105
0.001078
0.001049
0.001095
0.001093
0.001034
0.001082
0.001177
0.001118
0.001093
0.001486
0.001181
0.001103
0.001215
0.00104
0.001051
0.00106
0.001032
0.001049
0.001138
0.001093
0.001015
0.001141
0.001037
0.001065
0.001058
0.001005
0.001025
0.00105
0.000995
0.001011
0.001069
0.001156
0.001109
0.001119
0.00157
0.001068
0.00108
0.001049
0.001016
0.001058
0.001096
0.001049
0.001098
0.001018
0.00102
0.001071
0.001141
0.001041
0.001064
0.001059
0.001055
0.001058
0.001039
0.00104
0.00111
0.001197
0.00102
0.000997
0.001024
0.001076
0.001018
0.001018
0.001031
0.001022
0.001045
0.00103
0.001079
0.001029
0.001135
0.001108
0.001038
0.001722
0.001077
0.001078
0.001069
0.001058
0.00111
0.001072
0.001047
0.00116
0.001041
0.001028
0.001046
0.001146
0.001079
0.001072
0.00104
0.001049
0.001045
0.001054
0.00106
0.001063
0.001145
0.001057
0.001184
0.001485
0.001043
0.001133
0.001094
0.001057
0.00105
0.00105
0.001069
0.001029
0.001064
0.001077
0.00115
0.001031
0.001026
0.001057
0.00106
0.001012
0.001061
0.001042
0.001043
0.001353
0.00121
0.001032
0.001083
0.001073
0.001049
0.001063
0.001035
0.001051
0.001047
0.001097
0.001112
0.001073
0.001125
0.001045
