#dist
0.4392178
0.5064451
0.5231428
0.5555091
0.6651315
0.6143868
0.6416917
0.5683831
0.4087111
0.4731782
0.5815941
0.5440119
0.3376488
0.625295
0.3800793
0.6815997
0.502425
0.6502072
0.6099481
0.2621896
0.5159835
0.4632958
0.2829495
0.6085949
0.6121549
0.365131
0.5363236
0.7218658
0.7855743
0.4701932
0.7822007
0.4615678
0.5633085
0.611781
0.6228818
0.3882456
0.4026487
0.364044
0.4652347
0.5123459
0.589484
0.6213456
0.3059424
0.5111366
0.292936
0.6285501
0.5969859
0.6167557
0.5170719
0.6550378
0.3846773
0.3100135
0.6531771
0.5282345
0.4736487
0.4578998
0.4472676
0.7692312
0.374799
0.6755876
0.5372282
0.5023012
0.615024
0.1073179
0.4194161
0.6766675
0.2457702
0.6969674
0.5271671
0.479643
0.5414497
0.5333962
0.5118591
0.4663563
0.5875831
0.5097785
0.3826434
0.4530378
0.4821783
0.2923039
0.591295
0.2953137
0.4821749
0.1986685
0.2314374
0.349656
0.03316181
0.652294
0.4534641
0.6412515
0.1621888
0.6868417
0.4488065
0.4997472
0.5987053
0.6844547
0.2658043
0.683402
0.2617145
0.5819482
