#dist
0.4607571
0.791093
0.2443113
0.6559106
0.5255112
0.7072606
0.4951323
0.422186
0.5890659
0.475697
0.4932629
0.4909629
0.4036689
0.4617958
0.6087532
0.3174202
0.6055179
0.5183727
0.5307836
0.311824
0.3627005
0.5084728
0.6659096
0.3665229
0.3792786
0.5309316
0.3582792
0.5655895
0.7482315
0.6003239
0.3574316
0.4369288
0.5724047
0.4733559
0.4178127
0.4101395
0.4517493
0.6036249
0.5626975
0.3313839
0.2730286
0.5695933
0.4688186
0.2509955
0.4324098
0.4411899
0.3484319
0.3919376
0.5928562
0.3638827
0.3813198
0.7073248
0.3048363
0.3208283
0.4926517
0.6244429
0.5553796
0.2937301
0.3722453
0.4825135
0.5390977
0.09523636
0.5341508
0.5744483
0.3506059
0.3639169
0.6326785
0.5166108
0.7832933
0.4656226
0.5212923
0.6356447
0.4957386
0.5158785
0.5172196
0.3995562
0.3134147
0.5405086
0.4237412
0.09496061
0.4692518
0.4444657
0.4709569
0.4986129
0.09188221
0.5305872
0.7144593
0.4753442
0.5091432
0.4722655
0.6890115
0.4004259
0.2854511
0.6196576
0.6578946
0.4719752
0.4967888
0.3486609
0.4652021
0.436661
