#dist
0.8945199
0.4600954
0.8377149
0.5380991
0.1243507
0.5291261
0.7410926
0.07495253
0.3743803
0.6447829
0.009282287
0.9169547
0.18213
0.4835497
0.1109261
0.5867199
0.8167112
0.4464807
0.7246218
0.9909819
0.6836786
0.7948937
0.4282438
0.5807011
0.2874756
0.08922395
0.4753441
0.8311381
0.6059637
0.6242813
0.01529033
0.9591607
0.9867792
0.7401014
0.03204014
0.546809
0.2733522
0.1436661
0.8390888
0.806899
0.07070789
0.7529819
0.2109164
0.3555912
0.9137382
0.5764712
0.5907833
0.5002122
0.6785555
0.3725349
0.5413871
0.8514039
0.4793462
0.5259865
0.8795352
0.3244885
0.4811161
0.2066134
0.2611576
0.494701
0.5820641
0.6798461
0.1150534
0.1666078
0.1998809
0.2473955
0.3695901
0.5323313
0.6985958
0.09329826
0.4718619
0.5544033
0.403697
0.5903091
0.6340558
0.05513456
0.7779514
0.4329427
0.9694284
0.4927749
0.9952607
0.8538084
0.6115363
0.08424391
0.8773416
0.9529431
0.7165343
0.8364005
0.6556325
0.1025005
0.8663454
0.9279936
0.02149258
0.08712992
0.6294835
0.1298989
0.7251045
0.8162839
0.09196554
0.8403457
