#dist
0.3220596
0.8912597
0.619121
0.2625069
0.870582
0.5540746
0.09775986
0.9567312
0.5342864
0.2019654
0.5299848
0.4809692
0.699796
0.4197677
0.6938405
0.6033732
0.3788361
0.6634665
0.1625814
0.02670858
0.4763562
0.477616
0.7911576
0.1518442
0.8915901
0.179096
0.04728796
0.9651915
0.7546427
0.3390933
0.5881238
0.4226074
0.9492586
0.2762195
0.4084182
0.3899995
0.9911483
0.4932154
0.8446478
0.1700635
0.8638749
0.01183638
0.6358587
0.587261
0.513619
0.3843008
0.5495598
0.8278472
0.354686
0.1001027
0.6303556
0.4922615
0.3386399
0.2251184
0.05919662
0.02739774
0.5491111
0.4770796
0.053056
0.8232319
0.7853544
0.3353662
0.6021098
0.5381954
0.6510982
0.9425097
0.896857
0.239672
0.7137026
0.2150765
0.6597428
0.9331989
0.9143237
0.6844224
0.4493053
0.4185404
0.6432915
0.1226133
0.9931143
0.669884
0.8236809
0.5340382
0.6443872
0.4995369
0.1145857
0.6128553
0.1569289
0.06277239
0.1896261
0.2231404
0.3648019
0.1630058
0.3098165
0.552847
0.9373573
0.1200321
0.6860289
0.5721723
0.9808178
0.09400671
