#dist
0.4216848
0.5475924
0.5345549
0.5222395
0.4650288
0.4059637
0.6397801
0.4169525
0.6052615
0.3366458
0.5097234
0.5879473
0.8417566
0.5770712
0.5369373
0.4623155
0.5947256
0.3705359
0.2383638
0.4765548
0.6236094
0.4470373
0.3705805
0.4519628
0.6070736
0.3871642
0.1482693
0.4879545
0.8582249
0.4516872
0.4122037
0.4670472
0.6487706
0.540796
0.4946401
0.385125
0.1982135
0.6187588
0.4768126
0.4729487
0.4137553
0.427016
0.2235149
0.5086526
0.4899691
0.5058742
0.3152451
0.5683654
0.9280551
0.4179806
0.7804562
0.5288637
0.7122166
0.4909824
0.4752999
0.3176207
0.9163105
0.5768774
0.4416706
0.3735157
0.5724192
0.6858225
0.3733495
0.6694015
0.3739189
0.6464138
0.7031101
0.4857271
0.4480556
0.7244191
0.475422
0.6218737
0.2308836
0.6808096
0.5140816
0.4275445
0.3499644
0.5726225
0.2916483
0.5192032
0.4963034
0.6348928
0.3295099
0.3697026
0.6393986
0.4670941
0.4668007
0.4674021
0.3765583
0.6378217
0.5342802
0.3255519
0.6009556
0.5711512
0.5789926
0.6681345
0.4116745
0.7066956
0.2305948
0.5439016
