#dist
0.8186698
0.9924322
0.4177786
0.7788397
0.7704709
0.4657354
0.5096886
0.9947377
0.510364
0.8447389
0.1381192
0.1550455
0.5108492
0.514698
0.5447407
0.5551739
0.956869
0.8362616
0.7861888
0.4557657
0.07169709
0.6961873
0.651589
0.609581
0.1917586
0.1895523
0.3554927
0.07090653
0.4646892
0.608236
0.3744062
0.9060428
0.7926157
0.2053316
0.3843177
0.2817793
0.1974708
0.673816
0.05317841
0.07770851
0.5802634
0.3770374
0.3521141
0.3913205
0.8151207
0.4790078
0.7772451
0.4517896
0.6032006
0.7670616
0.1132052
0.4458657
0.5904403
0.01762235
0.2425042
0.001359872
0.5267679
0.2225431
0.4015272
0.9056087
0.2238825
0.8411144
0.511835
0.03102331
0.0740135
0.9915251
0.3397854
0.4955281
0.66762
0.7145787
0.5629649
0.3643175
0.1288216
0.2027821
0.9581469
0.6964529
0.3663457
0.9087907
0.002946071
0.8264603
0.1485484
0.5693292
0.9295193
0.2971554
0.8259762
0.3668707
0.6612384
0.2171368
0.5177283
0.7221397
0.5606909
0.6153687
0.05677896
0.7244494
0.7879675
0.1771098
0.301867
0.4694193
0.3143436
0.01909108
