#dist
0.6430721
0.581159
0.2185887
0.4202773
0.3594141
0.5562983
0.03011197
0.8273552
0.3429033
0.5863383
0.5775814
0.4283504
0.4271819
0.1796705
0.6842746
0.714396
0.5549166
0.3905611
0.3471808
0.30705
0.751774
0.673372
0.5596459
0.3359106
0.692604
0.6400443
0.55697
0.2636941
0.48974
0.4594485
0.4082409
0.4470348
0.5378973
0.6172262
0.5878204
0.3658492
0.4606788
0.4212691
0.5802515
0.3052066
0.6485475
0.7463424
0.4157143
0.603615
0.6765286
0.6630914
0.669011
0.5171869
0.5045902
0.6737679
0.5315555
0.7227024
0.6578191
0.7443684
0.4517742
0.6043602
0.4189597
0.4574915
0.621315
0.614344
0.6378437
0.3801712
0.6225805
0.2070017
0.5514666
0.7605222
0.3376312
0.4128716
0.5107969
0.5249084
0.3975001
0.6278717
0.5116237
0.5872657
0.4229741
0.450614
0.6874848
0.5015381
0.5362077
0.5556577
0.5973973
0.448753
0.5671659
0.52657
0.1921955
0.6816048
0.3149713
0.862675
0.5142802
0.5049749
0.6738914
0.3817983
0.5019847
0.6294759
0.4751136
0.5272936
0.7114211
0.3472526
0.5877774
0.3365847
