#dist
0.2236971
0.4121834
0.732049
0.4784167
0.5713235
0.2995948
0.4501326
0.4371617
0.3628365
0.5156857
0.5801244
0.3447992
0.4001844
0.6800889
0.283773
0.6039107
0.1869953
0.1455224
0.577187
0.5742158
0.563207
0.3026576
0.5255747
0.4640531
0.9048723
0.6003497
0.634502
0.6544185
0.6601427
0.6083326
0.4792259
0.6544701
0.584871
0.6562082
0.4509921
0.4656243
0.5342958
0.6040986
0.5395156
0.4201999
0.6357138
0.3262286
0.6294274
0.6633466
0.2986215
0.7043661
0.6993816
0.376604
0.3397867
0.6737958
0.4298181
0.6919162
0.7035094
0.4819689
0.3657746
0.4403845
0.3978333
0.4930977
0.439972
0.3687256
0.6539125
0.4970173
0.5177424
0.6890733
0.5187455
0.5457268
0.4622713
0.5926041
0.590122
0.3879082
0.3656675
0.6247138
0.5333648
0.7754511
0.6384948
0.4115246
0.3312661
0.5111888
0.5465958
0.3869775
0.7296224
0.2050345
0.4689676
0.4277532
0.1733105
0.4592545
0.4571778
0.6874362
0.5734298
0.5994934
0.3833545
0.4883048
0.3381101
0.6745733
0.5031672
0.4645473
0.4466667
0.4858025
0.8222903
0.7049988
