#dist
0.4707695
0.4375605
0.5229624
0.578348
0.5081035
0.475892
0.6349685
0.3952028
0.6144697
0.4806471
0.4885045
0.6446629
0.4889995
0.5026947
0.7241936
0.4349556
0.7148388
0.5160389
0.6810807
0.3799323
0.662638
0.4688086
0.06455053
0.4164749
0.3998395
0.5940644
0.7180584
0.5119901
0.3416077
0.3734129
0.5869906
0.4867728
0.5381204
0.5229655
0.6268724
0.713661
0.3823182
0.7391485
0.5296612
0.4427871
0.4882878
0.5673997
0.2109844
0.5230238
0.6338293
0.5601676
0.5656297
0.694419
0.2750897
0.548062
0.428011
0.4434575
0.4915409
0.6534718
0.3514949
0.2538937
0.6413418
0.5210289
0.4356472
0.8828736
0.2828532
0.2639989
0.4096259
0.4262664
0.4034271
0.5504301
0.2130628
0.6181719
0.6910038
0.5459996
0.7837448
0.4829526
0.4441413
0.5097024
0.3315315
0.643702
0.367691
0.5277082
0.4440949
0.7952575
0.5879165
0.4052847
0.2134567
0.5548993
0.4991637
0.2117697
0.1194282
0.5441809
0.3643231
0.643012
0.3766061
0.1214358
0.2491818
0.397774
0.4468201
0.4431181
0.4030381
0.4602677
0.5770763
0.7453072
