#dist
0.5920893
0.07778409
0.470782
0.9672323
0.05916319
0.9155888
0.9354868
0.04765871
0.09167483
0.311792
0.5098522
0.7417685
0.6419655
0.9163269
0.6835409
0.9906021
0.8719113
0.146132
0.3974305
0.2959416
0.3049383
0.3906636
0.3962068
0.9757583
0.4536971
0.2318765
0.0585264
0.0675155
0.1163076
0.7885245
0.9273732
0.6561464
0.9818507
0.9584928
0.7422555
0.6621323
0.3838401
0.1852903
0.313846
0.7842096
0.8872332
0.06725941
0.0334653
0.7591071
0.9484091
0.07988514
0.579407
0.2620411
0.1351822
0.692278
0.8803085
0.7016657
0.8915501
0.7523019
0.5578412
0.6987426
0.3754575
0.05536035
0.4964859
0.9930861
0.9693924
0.3077522
0.6851583
0.4599171
0.9665283
0.03191305
0.4138261
0.5860914
0.7542936
0.8766186
0.3495579
0.1852853
0.5193378
0.2007817
0.4225065
0.1435389
0.2127517
0.5325198
0.4806914
0.7610541
0.3027875
0.4216962
0.01677283
0.2852935
0.6957424
0.3917366
0.3696122
0.8833498
0.02390643
0.7855875
0.932659
0.5702824
0.3954341
0.5479784
0.8636378
0.4642464
0.901667
0.7911266
0.08317533
0.9010248
