#dist
0.7303457
0.2591446
0.5402467
0.7728581
0.7116859
0.6660415
0.2538326
0.2818237
0.8839965
0.1574376
0.05274285
0.3651666
0.9674631
0.5011348
0.3473103
0.4729032
0.3197446
0.5202163
0.8313274
0.9204834
0.5420113
0.2440773
0.6177617
0.8141848
0.518988
0.7058604
0.2378037
0.3812812
0.7687208
0.8041467
0.372317
0.2817311
0.1478142
0.2313837
0.01296197
0.4406376
0.1487444
0.1173091
0.7737698
0.5907885
0.3293006
0.2251947
0.3999493
0.7860022
0.6000945
0.05664377
0.7035574
0.8951658
0.6265497
0.2492532
0.4914761
0.7620574
0.2484639
0.8168063
0.3866004
0.9853492
0.8158584
0.5621319
0.3353002
0.917581
0.343746
0.1899213
0.6402094
0.906349
0.5720729
0.5672077
0.9320306
0.8287819
0.2370433
0.752858
0.7690192
0.2044082
0.9291722
0.7018034
0.8266824
0.1408056
0.8682341
0.8104316
0.6238094
0.4560844
0.2314264
0.3702597
0.224981
0.6806348
0.2077876
0.8453648
0.3816061
0.8355215
0.09730553
0.9579416
0.6477017
0.3055286
0.7494244
0.3278718
0.9645935
0.1017779
0.7354435
0.1967522
0.5798395
0.2509863
