#dist
0.1409713
0.4858932
0.2918577
0.5902723
0.2114177
0.3907524
0.3102254
0.7870243
0.4458943
0.6782918
0.2553884
0.4903984
0.9493995
0.149296
0.8298904
0.06913691
0.8633915
0.2361992
0.908858
0.5879443
0.09404094
0.2016867
0.7519582
0.5721084
0.9364142
0.0260275
0.9598544
0.1803064
0.6503595
0.1501012
0.8473095
0.4618659
0.956025
0.7342195
0.4073082
0.1480474
0.8782469
0.5737472
0.4381366
0.8022185
0.1898108
0.2610822
0.2006351
0.7747315
0.9160683
0.1330647
0.2099483
0.5288485
0.8670199
0.8777138
0.4976405
0.3718543
0.3404939
0.4645924
0.1557876
0.4957724
0.6884421
0.4759509
0.820229
0.7713513
0.5754366
0.4344954
0.8851664
0.5561029
0.1500635
0.4979981
0.7209577
0.1665801
0.4751665
0.9338389
0.6244721
0.6873649
0.1902031
0.2274894
0.7445816
0.6831415
0.9943226
0.1910671
0.2844691
0.4264436
0.3906227
0.9168468
0.4912833
0.4896432
0.1937476
0.03830557
0.5215122
0.5961647
0.930346
0.680359
0.9217078
0.8164585
0.9572634
0.5788913
0.8726879
0.9835336
0.1312858
0.476552
0.8103572
0.1025986
