#dist
0.6186428
0.153305
0.7217963
0.4264199
0.2042485
0.6950747
0.3962361
0.6434341
0.1791224
0.9237369
0.7371889
0.5731521
0.2023656
0.2687184
0.2813972
0.5956929
0.2443955
0.6662145
0.9083699
0.8124875
0.380814
0.5567364
0.06116655
0.1131496
0.2450218
0.298448
0.6151882
0.05345199
0.6947304
0.4346426
0.8893479
0.1083495
0.0703472
0.9711091
0.04280165
0.4123751
0.06855707
0.4588815
0.8643465
0.6027993
0.6293536
0.1738415
0.7425039
0.5336951
0.3070668
0.1514214
0.08186481
0.4321031
0.6908597
0.9666688
0.8431414
0.4125657
0.07197156
0.5084641
0.8383224
0.526798
0.2600356
0.4269239
0.7856317
0.7682947
0.1565037
0.5246904
0.6502148
0.07282617
0.6350345
0.06795997
0.6612562
0.0005333906
0.08161464
0.5723403
0.6451129
0.4749938
0.1124501
0.3660101
0.3263357
0.4432219
0.6976811
0.8964837
0.7369348
0.6463624
0.5307833
0.9978687
0.5716455
0.8843664
0.8412266
0.5432817
0.6717656
0.8726517
0.7178662
0.8345996
0.7634263
0.6393331
0.3521165
0.2027067
0.07092187
0.8708237
0.2084315
0.7744751
0.7646489
0.96244
