#dist
0.5179376
0.7025981
0.4929624
0.5537024
0.5889832
0.5835369
0.2837869
0.6566111
0.3958394
0.360925
0.3298793
0.5117782
0.6171575
0.7436449
0.5906787
0.5209713
0.51568
0.5648695
0.364907
0.4921688
0.2967652
0.5701734
0.3260736
0.670934
0.2709171
0.4144663
0.3392106
0.6552564
0.5563987
0.4512259
0.448337
0.3189158
0.4152356
0.6275916
0.452989
0.2018355
0.6165273
0.4130902
0.6028372
0.4851361
0.4527391
0.4584961
0.633847
0.4829461
0.5319178
0.5373002
0.4960402
0.5776675
0.335606
0.5248682
0.2109852
0.6342714
0.5791843
0.3545675
0.4809646
0.4467471
0.3366209
0.4470487
0.477554
0.507594
0.4381805
0.4922737
0.4211769
0.5526865
0.2685609
0.5109594
0.1184553
0.4715442
0.4371411
0.3529391
0.4624851
0.5725241
0.5388886
0.466567
0.3547192
0.775233
0.3414184
0.1502323
0.4914854
0.5868513
0.5307268
0.6135189
0.4537929
0.32294
0.6840916
0.7537377
0.533098
0.2585934
0.3447415
0.4513595
0.09712991
0.4164018
0.5891321
0.4349489
0.4784923
0.5366626
0.6212151
0.2963304
0.3834387
0.380727
