#dist
0.3792037
0.5205711
0.5696154
0.5932615
0.5010688
0.698637
0.4553529
0.2636268
0.6305656
0.3465467
0.5909423
0.6264779
0.5116421
0.486284
0.51498
0.6641351
0.5815679
0.515527
0.4579796
0.427873
0.6731564
0.8102399
0.3089323
0.6456625
0.5352321
0.699851
0.8408352
0.2745329
0.7648667
0.572221
0.4183396
0.6711003
0.6288562
0.5340932
0.51752
0.3503325
0.4735025
0.6244431
0.2485506
0.4575977
0.3906265
0.5875254
0.4204181
0.3087964
0.5413895
0.3755962
0.4418719
0.4096837
0.4555465
0.6439189
0.4987165
0.3228365
0.589883
0.4590783
0.7413273
0.5260996
0.5992011
0.2759812
0.5954866
0.4958611
0.5140438
0.6863712
0.2897315
0.6863407
0.71927
0.007592101
0.3649311
0.5055991
0.5986485
0.6201357
0.7482773
0.6066715
0.4633379
0.4419622
0.5200914
0.4253993
0.6172845
0.3740447
0.6166688
0.5955527
0.3197973
0.4626033
0.482803
0.6658017
0.5889802
0.3529346
0.4383895
0.6475163
0.6560151
0.4385148
0.6725596
0.6757874
0.4389214
0.4949254
0.4162048
0.4512117
0.2447899
0.7187933
0.3258582
0.693461
