#dist
0.00615878
0.3761137
0.6831646
0.9056108
0.7449657
0.2591538
0.4243792
0.05385843
0.05285745
0.996222
0.7838192
0.1057311
0.3040993
0.07969979
0.2174236
0.7180939
0.1717777
0.2606993
0.7422212
0.987453
0.2086405
0.3179459
0.03187992
0.9317891
0.9606946
0.1967807
0.4164386
0.653911
0.9329289
0.7009772
0.9453452
0.7433349
0.6288423
0.6692913
0.5564042
0.0709265
0.5472498
0.6737418
0.489275
0.5006388
0.773554
0.9193536
0.1618522
0.08037931
0.0433582
0.9570506
0.7754778
0.3615509
0.8543936
0.8976154
0.8936492
0.30511
0.3517551
0.8885249
0.5000973
0.7169584
0.1218315
0.5215762
0.7883634
0.6386184
0.1969542
0.9538603
0.01938878
0.6835702
0.4026263
0.04800723
0.4257567
0.9035606
0.8694329
0.4163924
0.5382703
0.6336209
0.8226789
0.7344912
0.7179587
0.1038771
0.5686441
0.1396329
0.1730868
0.4229313
0.05485279
0.4455364
0.1676366
0.5190489
0.5218712
0.9282322
0.2789839
0.9907819
0.9870875
0.073439
0.8753509
0.2840051
0.5617383
0.9309117
0.8604602
0.2812516
0.2472123
0.9147983
0.1707005
0.8260913
