#dist
0.8867933
0.8411338
0.6245238
0.7774022
0.4182025
0.2689707
0.5667602
0.4543411
0.08432164
0.6217658
0.6959689
0.4180297
0.2189195
0.9211792
0.81313
0.05499469
0.9060829
0.7561476
0.9340775
0.4144784
0.4054799
0.782192
0.1748479
0.2039734
0.3031977
0.5794534
0.3305989
0.8768078
0.5833509
0.7910656
0.2935243
0.6787197
0.07292122
0.3033952
0.9357452
0.3291231
0.5143503
0.3660267
0.8110864
0.7999684
0.146402
0.2369709
0.6496113
0.9484729
0.4894334
0.09188206
0.06765863
0.6899359
0.756174
0.2920598
0.0969701
0.04265468
0.2767383
0.8561079
0.5995545
0.4408965
0.430248
0.6133978
0.7139748
0.3564405
0.1091179
0.002621762
0.7467634
0.7321839
0.3079766
0.3743084
0.6544205
0.9851102
0.9231717
0.6533045
0.3932042
0.5067847
0.2337431
0.6789412
0.596918
0.03915687
0.2763067
0.39295
0.7394681
0.2431186
0.3730007
0.1238685
0.1224096
0.01082223
0.9265739
0.3401952
0.3962161
0.3803219
0.3886868
0.5650798
0.01087575
0.8346016
0.222805
0.3472991
0.1150866
0.8137136
0.2486849
0.5219975
0.1904781
0.4359891
