#dist
0.436387
0.6090526
0.591286
0.8431142
0.6675952
0.2771429
0.6397287
0.6344272
0.4381427
0.4825051
0.582688
0.6864209
0.7011208
0.3809816
0.3908054
0.5372989
0.6284594
0.5750489
0.5159978
0.4065312
0.2341723
0.5892393
0.5815362
1.005246
0.7962712
0.6441516
0.8162454
0.7452242
0.5882166
0.4471467
0.3954776
0.1645876
0.4369845
0.2362341
0.6807241
0.3557109
0.3327983
0.5263937
0.5226865
0.4210689
0.4960695
0.4582463
0.5741679
0.4960585
0.3771612
0.4890222
0.5925427
0.4533686
0.7970278
0.3603396
0.5785895
0.3530263
0.5354311
0.3764544
0.4825814
0.3798088
0.3996573
0.2743746
0.426897
0.4565551
0.542283
0.264855
0.6197765
0.3600895
0.4415881
0.4803975
0.2306683
0.4966327
0.4417159
0.308722
0.2394345
0.58699
0.4639012
0.6984608
0.3351777
0.4450311
0.6300485
0.7442237
0.6178905
0.3161714
0.4359321
0.4715702
0.370359
0.3080092
0.1981635
0.8158306
0.4553838
0.4755752
0.3969792
0.6032871
0.4256544
0.5802502
0.4204659
0.4980898
0.09614802
0.169601
0.5377079
0.5469679
0.4849593
0.4615768
