#dist
0.8824828
0.8467452
0.3432348
0.3064872
0.1669582
0.4029188
0.4126613
0.1184153
0.7452822
0.3202819
0.09128983
0.9344657
0.1906375
0.7769027
0.51738
0.1288514
0.9965655
0.5369866
0.7822753
0.277598
0.4881832
0.4410436
0.2360684
0.1938862
0.06762518
0.9667062
0.1828673
0.1838088
0.3956666
0.2778168
0.534448
0.5558748
0.04354825
0.5536383
0.5930803
0.6541996
0.5469855
0.5387956
0.7816872
0.8634093
0.5042819
0.9783684
0.04597207
0.2287031
0.5703587
0.3572747
0.6518903
0.2267
0.5177626
0.5353589
0.5265983
0.6538539
0.5167243
0.5305089
0.812581
0.2911401
0.008622717
0.4888826
0.9478977
0.9125637
0.3004478
0.5109632
0.2229753
0.9720723
0.9499602
0.1075361
0.9534795
0.9193417
0.5547524
0.1857511
0.8524621
0.8563545
0.05775991
0.8327484
0.1427088
0.1694973
0.1635018
0.1100858
0.9194342
0.5832086
0.8612378
0.6393101
0.7719515
0.6852412
0.6401278
0.2940335
0.6730746
0.318968
0.9812658
0.3594774
0.7116763
0.6106925
0.9680814
0.5193129
0.8974456
0.8190157
0.5524318
0.5469927
0.8471667
0.548036
