#dist
0.3887461
0.3541494
0.5115413
0.4919852
0.3838986
0.6212669
0.6181993
0.5767235
0.6809394
0.5749966
0.5229745
0.6052453
0.2959935
0.06279137
0.4854227
0.4819566
0.5043709
0.4638108
0.3679502
0.6545894
0.583015
0.1117425
0.5183558
0.372491
0.5282181
0.4364925
0.4722339
0.4548528
0.6754421
0.5080077
0.5672371
0.5234583
0.4933096
0.425934
0.4346695
0.4957042
0.566355
0.5141022
0.4212741
0.5984242
0.7619785
0.4768984
0.4343446
0.5295697
0.3692634
0.4451359
0.4185391
0.4966259
0.4007405
0.4442842
0.4833098
0.5638152
0.6530679
0.3902162
0.5077916
0.6154804
0.544647
0.5159137
0.6675149
0.4241354
0.3731295
0.2571561
0.6045329
0.7457629
0.188374
0.3070255
0.4695019
0.5179299
0.4840721
0.7040098
0.3734605
0.584682
0.4260721
0.2615783
0.4686098
0.53778
0.3525218
0.6036105
0.4991816
0.409812
0.542912
0.5563756
0.5303634
0.5745348
0.5298109
0.6821037
0.4895218
0.5649238
0.3296914
0.3830783
0.5888501
0.4345918
0.4280654
0.4951777
0.4841517
0.3580502
0.1664561
0.5810692
0.4311336
0.3776163
