4 0.000054
5 0.000020
6 0.000009
7 0.000017
8 0.000023
9 0.000029
10 0.000048
11 0.000061
12 0.000085
13 0.000103
14 0.000118
15 0.000136
16 0.000148
17 0.000160
18 0.000188
19 0.000228
20 0.000274
21 0.000363
22 0.000401
23 0.000521
24 0.000471
25 0.000515
26 0.000581
27 0.000647
28 0.000854
29 0.001060
30 0.000835
31 0.000940
32 0.001023
33 0.001134
34 0.001306
35 0.001427
36 0.001541
37 0.001622
38 0.001856
39 0.002145
40 0.002112
41 0.002266
42 0.002414
43 0.002636
44 0.002776
45 0.002960
46 0.003247
47 0.003471
48 0.003704
49 0.004117
50 0.004308
51 0.004391
52 0.004593
53 0.004919
54 0.005061
55 0.005397
56 0.006102
57 0.005851
58 0.006670
59 0.006564
60 0.006946
61 0.007965
62 0.007600
63 0.008660
64 0.008778
65 0.009507
66 0.010083
67 0.009423
68 0.012068
69 0.010864
70 0.015040
71 0.011606
72 0.011731
73 0.012450
74 0.013070
75 0.013357
76 0.013989
77 0.014973
78 0.015573
79 0.017292
80 0.017829
81 0.018712
82 0.018811
83 0.019337
84 0.020212
85 0.020923
86 0.025081
87 0.022557
88 0.023524
89 0.025528
90 0.022948
91 0.024304
92 0.024216
93 0.024941
94 0.025909
95 0.026849
96 0.027886
97 0.028672
98 0.029283
99 0.030314
100 0.030955
101 0.032095
102 0.032894
103 0.034841
104 0.037472
105 0.035747
106 0.036397
107 0.037707
108 0.039116
109 0.039952
110 0.042028
111 0.042653
112 0.043395
113 0.044898
114 0.046074
115 0.047044
116 0.048379
117 0.049293
118 0.050470
119 0.051570
120 0.053375
121 0.054432
122 0.056362
123 0.057850
124 0.058733
125 0.061156
126 0.062392
127 0.063775
128 0.065004
129 0.067216
130 0.068580
131 0.069674
132 0.072391
133 0.073202
134 0.074630
135 0.075961
136 0.082964
137 0.081968
138 0.084608
139 0.090003
140 0.084638
141 0.085497
142 0.093870
143 0.090286
144 0.095686
145 0.096358
146 0.096162
147 0.102831
148 0.100674
149 0.106445
150 0.105725
151 0.105081
152 0.114061
153 0.110400
154 0.117473
155 0.113938
156 0.122540
157 0.119017
158 0.127160
159 0.123954
160 0.131568
161 0.127985
162 0.135239
163 0.132914
164 0.140132
165 0.137990
166 0.146206
167 0.145576
168 0.148858
169 0.152960
170 0.151143
171 0.158897
172 0.162328
173 0.157795
174 0.166815
175 0.167860
176 0.168076
177 0.170147
178 0.183914
179 0.182198
180 0.187210
181 0.189121
182 0.192956
183 0.197450
184 0.192814
185 0.198390
186 0.201641
187 0.204356
188 0.205103
189 0.210239
190 0.219106
191 0.217661
192 0.220908
193 0.226472
194 0.227895
195 0.231570
196 0.240598
197 0.246099
198 0.250601
199 0.254735
200 0.262273
201 0.253855
202 0.252738
203 0.254392
204 0.280299
205 0.269219
206 0.268802
207 0.285890
208 0.294373
209 0.301003
210 0.306514
211 0.287678
212 0.297529
213 0.303884
214 0.316952
215 0.321814
216 0.314533
217 0.309817
218 0.321998
219 0.323211
220 0.329137
221 0.336301
222 0.337539
223 0.336649
224 0.350830
225 0.352154
226 0.368644
227 0.371877
228 0.382355
229 0.385697
230 0.389918
231 0.380111
232 0.386184
233 0.401167
234 0.401628
235 0.400429
236 0.410557
237 0.410752
238 0.411995
239 0.426456
240 0.432494
241 0.430606
242 0.454570
243 0.440663
244 0.449840
245 0.454658
246 0.458856
247 0.458880
248 0.479602
249 0.469064
250 0.517707
251 0.512784
252 0.546171
253 0.505475
254 0.552460
255 0.546017
256 0.578993
257 0.550650
258 0.612645
259 0.725815
260 0.710221
261 0.743925
262 0.731264
263 0.741595
264 0.730331
265 0.589954
266 0.599275
267 0.617363
268 0.611886
269 0.704195
270 0.609761
271 0.650051
272 0.673993
273 0.664023
274 0.650063
275 0.662463
276 0.663740
277 0.660691
278 0.684641
279 0.784808
280 0.796741
281 0.822689
282 0.982474
283 0.932528
284 0.886493
285 0.740376
286 0.728097
287 0.737810
288 0.787912
289 0.767216
290 0.739823
291 0.761011
292 0.768256
293 0.760959
294 0.784336
295 0.815748
296 0.975491
297 1.003301
298 1.025239
299 0.844093
300 0.837458
301 0.845776
302 0.859927
303 0.987680
304 0.904450
305 0.888752
306 0.900969
307 0.915013
308 0.925977
309 0.991011
310 1.093538
311 1.237302
312 1.348775
313 1.192752
314 1.124869
315 1.490186
316 1.218575
317 1.083682
318 1.016799
319 1.009752
320 1.095953
321 1.443886
322 1.463300
323 1.374696
324 1.233963
325 1.316707
326 1.266894
327 1.089430
328 1.354089
329 1.553983
330 1.534226
331 1.131480
332 1.520126
333 1.524383
334 1.199445
335 1.189983
336 1.184194
337 1.253350
338 1.468325
339 1.539414
340 1.260856
341 1.285191
342 1.258221
343 1.565966
344 1.379030
345 1.319827
346 1.275979
347 1.312325
348 1.306418
349 1.293892
350 1.288923
351 1.343460
352 1.392265
353 1.416937
354 1.360530
355 1.474908
356 1.468173
357 1.463661
358 1.502841
359 1.495837
360 1.508996
361 1.496545
362 1.562265
363 1.481460
364 1.456325
365 1.487331
366 1.497740
367 1.540844
368 1.522134
369 1.561675
370 1.534454
371 1.679442
372 1.555578
373 1.587714
374 1.647217
375 1.648789
376 1.650328
377 1.619466
378 1.687692
379 1.718905
380 1.800231
381 1.770497
382 1.743016
383 1.709032
384 1.722883
385 1.762668
386 1.752886
387 1.754963
388 1.762432
389 1.824552
390 1.837318
391 1.801639
392 1.881182
393 1.868536
394 1.840254
395 1.848831
396 1.904879
397 1.880789
398 1.902103
399 1.958727
400 2.030341
401 2.012957
402 1.982318
403 1.997374
404 2.028451
405 2.040850
406 2.064389
407 2.069229
408 2.102306
409 2.097355
410 2.133186
411 2.148692
412 2.126766
413 2.118441
414 2.227457
415 2.171557
416 2.236310
417 2.181507
418 2.216522
419 2.288200
420 2.260772
421 2.277700
422 2.325195
423 2.317795
424 2.349179
425 2.353495
426 2.422735
427 2.389431
428 2.498100
429 2.432822
430 2.405475
431 2.443289
432 2.443451
433 2.477854
434 2.545033
435 2.504949
436 2.573090
437 2.574951
438 2.672101
439 2.639995
440 2.633804
441 2.628797
442 2.624972
443 2.651164
444 2.762697
445 2.920883
446 2.969998
447 2.896743
448 2.849620
449 2.799282
450 2.791516
451 2.779463
452 2.865894
453 2.909748
454 2.846427
455 2.892754
456 2.885553
457 2.916218
458 2.979614
459 3.009402
460 3.063976
461 3.016792
462 3.101380
463 3.092395
464 3.063817
465 3.113636
466 3.133785
467 3.187644
468 3.250210
469 3.157984
470 3.228675
471 3.280070
472 3.295091
473 3.416175
474 3.351282
475 3.343512
476 3.474291
477 3.346437
478 3.519831
479 3.731288
480 3.557874
481 3.699056
482 3.771636
483 3.833531
484 3.751091
485 3.849188
486 3.855084
487 3.759463
488 3.782840
489 3.961907
490 4.128920
491 3.977378
492 4.008775
493 4.017294
494 4.090697
495 4.352446
496 4.426113
497 4.075844
498 4.299575
499 4.234389
500 4.184636
501 4.099889
502 4.143878
503 4.132186
504 4.302294
505 4.262434
506 4.288748
507 4.226801
508 4.133835
509 4.220590
510 4.178735
511 4.275575
512 4.288744
513 4.198460
514 4.277755
515 4.287891
516 4.346159
517 4.390024
518 4.288315
519 4.603250
520 4.817168
521 4.704878
522 4.535321
523 5.492073
524 5.047066
525 5.262788
526 4.681079
527 4.665348
528 4.558195
529 4.690327
530 4.692198
531 4.700366
532 5.122431
533 5.748534
534 5.132765
535 5.042449
536 4.944265
537 4.909041
538 4.856468
539 5.002688
540 5.166191
541 6.394364
542 6.003220
543 5.254997
544 5.472884
545 6.036907
546 6.181861
547 6.775945
548 5.811766
549 6.623575
550 6.010886
551 6.038559
552 6.729215
553 5.173363
554 5.577071
555 5.465240
556 5.412593
557 5.672593
558 5.470374
559 5.397508
560 5.426419
561 5.427009
562 5.462716
563 5.532924
564 5.508348
565 5.561595
566 5.565759
567 5.610298
568 5.741966
569 5.940243
570 5.873551
571 5.884792
572 5.821211
573 5.764193
574 6.137874
575 6.017604
576 6.009107
577 5.915378
578 5.996939
579 6.002067
580 5.983498
581 6.227382
582 6.342227
583 6.072505
584 6.281453
585 6.455503
586 6.219824
587 6.198010
588 6.294080
589 6.238894
590 6.364865
591 6.456295
592 6.660304
593 6.561989
594 6.606707
595 6.773667
596 6.976275
597 6.947594
598 6.929501
599 6.950366
600 7.023314
601 7.036094
602 7.140658
603 7.081056
604 7.220364
605 7.031401
606 7.588904
607 7.288307
608 7.153630
609 7.359267
610 7.500911
611 7.503860
612 7.536067
613 7.589843
614 7.644533
615 7.601482
616 7.734567
617 7.713167
618 7.754362
619 7.563529
620 7.585750
621 8.256138
622 7.904713
623 7.693775
624 7.800146
625 8.118784
626 8.064019
627 8.070088
628 8.144076
629 7.891586
630 8.431792
631 8.249177
632 8.259272
633 8.003640
634 8.137547
635 8.299766
636 8.034939
637 9.096866
638 9.662026
639 11.231400
640 11.103882
641 9.777726
642 9.716671
643 8.800903
644 8.582132
645 9.250525
646 8.746170
647 8.913612
648 8.580225
649 8.682743
650 8.974182